55666666666666555554544455509066665686680655555609865554555544322222222233220101112222
66660666666666555544444455688866666606086655545689865555565554322022222233220111102222
66666666666666555444444456606666660606666665555688666555555444322222222202221111121222
00866688880666555444455556666666008986655665555666666565554444022222334222211111121000
99866686806555554444445455566660888066555666666688666666554400332220034322111111002111
99900006666555554444455555666600886665555666668066666665554022222222330022211111112111
99988866665555444445555555656080806655555555668865555555540201222220002222222220020021
99998666655444445555555566666006666554555556600665444444442201102044222020322202222222
99990665555444554445555556666666665554444555666665544444422221112200034333443433444444
80686666555555555445555566666666665544444555665555544444422222012222244444444444454455
66666666555666555445555566666666555554444444555554444333022222222222204444444444455555
55545556666666655445555666666655555554444444444444304402222222222200224444444454455555
55444556666666665444555666666555555554443344444430200222221222222211224555554555555566
55444555566608665444455566555555555555430333330332222222222223302200224455555555556666
55444555556566665444445565555555555554440222022220222200222224430222204456655545556666
55555555555556665444445555444444445555544222222222202200222220344400045566655555566688
55555555555655555444455554444444455554443222022222222222222223444432244566665555566666
55555555555555544444555554444455555544544303422222222222222204334440244566655555566655
55555566665554444444445554434445554555554444433020432222222234444444345666555544556554
55565566665544444444445554444444555555554444444430332222222004444444445555445444555444
55555556655544444433344555544444455565444444444444332222030324444444455655444444444444
55555555655554433303344555555555566655544444444440044434330344444444445555444444444444
45444555555555443022044566666666688655554433344440344444403444444444444445444234323444
45444555555555440222244560665668999906654444444444444444444344444443344444442203302444
5544455555555544322224456066566089101098655554444444334444443044444433045555432222030444
5555444445555554440204556665556689101099865655555544444444443444444442245555402222044443
555554444455444444324455666666609910999866655555555555544444455444422244444422022220222
55544444444544444444455665666608089998655555455555555555444554440220234444402222222222
55544444444444344444456665566666568886655554555566666655544555440220234454440222222222
55444443300344444555556565666566556666554554556666666655554455444222244555444222222222
44430342222234444555555555655555555655554455556665556555443344444320344555444423222222
03022202222244454455555666555554445554444445456865566554402224444433455665455433222222
22202222222044445455555655545444444443044444556986666554222203040000456665555430222222
22011102220444554455665654444433443222204445560898065554202222222020456065555540222222
11111112220445555555555554444422002011204445560899865543011022020034566665555543222012
11111112222344555555455554444432221101022445566899865542200122022045568665555544201110
11100122220334555545445544443202201001112445556898065443222122230045608065544444201112
11110022222334555544455554443222201000012045556080665443222122223345688906554440201222
11112220222044445544455554443222001100112244555666555440221111122345500886554442222202
01222224420344444434444554432222001110102234556565555430201111112244560666544400220444
22200234344444444222234454322222111111120244555555544432211111112344566666544333444444
30233333333304432222234444220110110111222044445455544322011111112344555455543334444444
44444334432302322222044444022111222222023444444455544322211122022234444455544444444444
55554434332222222222044443222122222404444334344444554402211112022224444445444444444444
66655444440222221022034440222002204444554400034444444440220112222222344444444444303444
66665440022222221122220022201112234445555443220330444440222102222200223344445454443444
88805544302222221111022221111112244445555443222222222202010102202221222044454554554444
99986644402222220101102011111110244445554402022222020222111102232202222334445555554444
99990654432222222202111100011022044445554432220111111122111112222211222203455555554344
99966554432222222222211100111220344455554302021111111102111102210111222233455655544344
88865554432222022202201101112222034444444432222011111101111111011112222344456655544434
66665544402222102222221111112043300344444443302220021011111111111110024444456665555445
66555444322220111122221111122343222234444443034402222201111111111111124444556666665555
55554440222220111122221111220322222234444434344444022222111111211111124445556666666556
55454402222221111122222110222022222034444444444444443002202222011111122445555660866666
55444022222201111002221112223422222333343444455555444432222222011101123444555668988889
54440022201011011000011110223432222022033444455655544402222222220111022345555689999999
4402222201111001122001201024444433232223344445666655442222222222211022234555558910109988
22222000111111111222222222044544443302222344566086544422220222220110222444545668999986
11121111011111111022222204444545554322202345566886544302201222222120222044445556898886
11122222222111101222222344454445454422200445566666544302111122222102222022344444566666
11102222302220220230033444455545444433000445666666544022111122222222222202234444555555
11022204302222022243444023455555444444432245555665544022111112122222211022204333455555
22224444444434433044442222444444444444432445554445544422201101002220000000224344444444
03344444444444444444443222200033444444322444544444444433222021110002012222220220344334
45444555555555545444444222222220444443023444444444444444432220111112002222222222220223
66655666556666555554444201111112044404444344434343344444440220111111122222222222222222
68980886666686655555443211101112234444432232322234444444440220101111102020222222022222
99999998866886665555443211001110204444302202222223300222222220111111111111002222222222
999910999988866665555442210001110234445432022022222222222222220111110001110111112222222
988910988806666555544422110011102204555433023200222220120222222011110001100111111022200
66099860666555554444421100011112034444430223443221111111022222001110001110111101022222
66688060665554454444321100011122034444402024443221111111112222211110011102011111223402
66666088655555554443221100011122204444343034444221111111022222201111111022210011022320
66666689655444444432220110011022223034433430442201111102222022201111111222211111022220
00666688655544333302211100012202222244444430220111111022443402222222022221011011022002
88666866654442222222111110112220102234444402211111111224444402222302222211111111111111
66600888655422222222111001112221111224454430211101111234555430322333302211111111111111
65668898655432201101100011112222011234444443210000010044555443444044443021111111111111
55566088655442201111110010022222002204444432211000012045555544454445544402222222222111
55556666555432220111111110022222222223433222111000012345555544455445554442222222222011
55555556554432222111110012202221222203222211110000110045555544555555554444422222222010
55445565544434422220002222202221022200222211110001102245555555555556654444432222222222
54444555544444432222222222222222222222222111111111102345566555555556665444442222222222
44444555554444442222222220222222202222222010111111022345566655555566655544433222222222
44444555555444542222222220220022200222222210111111222045666555555666655554440202222222
