5555555554444444443222222222222222222222222220334444444444444445555555555556666665555555555555556666666666555555556665555544444444444444433333443444444444444444555555555555555555544444455555655555555665555554444555544444444444444555555566666089999980066666
5555555554444444433222222222222222222222222220334444444444444445555555555556666665555555555555556666666666555555556665555544444444444444433333444444444444444444555555555555555555544444455555655555555665555554445555544444444444444555555566666889999980666666
4444555554444444430222222000022222222222222223333444444444444445555555555566666666555555555555566666666665555555556655555544444444444444443333344444444444444444455555555555555555544444455555655555555555555554445555444444444444444555555556660889889880666666
4444555555444444330222220000002222222222222223333444444444444444555555555566666665555555555555556666666665555555555655555544444444444444444333444444444444444444455555555555555555544444555555555555555555555555555555444444444444444455555556666088889880666666
4444445555554444302222200000022222222222222203333444444444444444555555555556666665555555555555556666666665555555555555555444444444444444444444444444444444444444455555555555555555554555555555555555555565555555555555444444444444444455555566666608888888800000
4444444555554444302222200000022222222222222203303444444444444444455555555555666665555555555555556666666665555555555555555444444444444444444444444444444444444444455555555555555555555555555555555555555666555555555555444444444444444445555556666660888888888888
4444444444444444322222220000002222222222222203333344444444444444455555555556666666655555555555555666666665555555555555555444444444444444444444444444444444444444445555555555555555555555555555555555556666555555555555444444444444444445555556666660088999998888
4444444444444443322222222222222222222222222203333344444444444444455555555566666666665555556555555566666666555555555555555444444444444444444444444444444444444444444445555555555555555555555555555555556666555555555554444444444444444455555556666660888999999999
4444444444444443022222222222222222222222000003333334444444444444555555555666666666665555556655565566666666655555555555555444444444444444444444444444444444444444444445555555555555555555555566666655555665555555555554444444444444444555555566666660889999999999
4444444444444430022222222222222222222220033333330333444444444444555555555666666606666555566665665666666666655555555555545444444444444334444444444444444444444444444445555666655555555555555666666665555665555555555555544555544444555555555566666608899999999999
4444444444444330022000022222222222222220003333300033344444444444555555555666666006666655566666666666666666655555555554444444444444333333444444444444444444444444444445555666666655555555555666666666655655555555555555555555555555555555555566660088899999999999
3333334444433330000033322222222222222222200330022003334444444445555555555666660006666655556666666666666666655555555444444444444443300003344444444444444444444444444555555666666655555555555666666666665555555555555555555555555555555555555666600888899999999999
3300003330003333333334332222222220222222220000222000003444444445555555555666666606666555555555666666666666555555555444444444444443002203444444444444444444444444444555555666666555555555555566666666665555555555555555555555555555555555556666608888999998999999
0000003002223333333334432222222033300222222002222000200344444445555555555556666666665555555555666666666666555555555444444444444443002203344444444444444444444444444555555666666655555555555556666666665555555555555555555555555555555555566666608888999988888899
2203330222220333333444330222220334300222222202222000203334444445555555555556666666665555555555556666666665555554444444444444444443022200344433333444444444444444444555556666666655555555555555666666655555555555555555555555555555555566566666888888999998888888
2203330222222000033433333000003344330022222202222202003333444445555555555555666666666555555555555566666655555554444444444444444443022220033300003444444444444444444555555666666665555555555555566666555555555555555555555555555555555555566660888889999988888888
2203300222222220033433333334444444333000222222222222003344444445555555555555666666666555555555555555556555555444445544444444444433002222000022003444444444444444444555555566666666655555556655555555555555555555555555555555555555555555666666088999999888000888
2003330222222222034433344444444444433330000002222222033344444444555555555555666666666555555555555555555555554444445554444444444433330222222222203444444445444444554455555566666666655555566655555555555555555555555555555555555555555555666660089999998880666088
0000000222222222034433344444444444444433333302222222203343444444555555555555566666666555555555555555555555554444445544444444444433330022222222203444444455544444555455555566666666655555566655555555555555555555555555555555555555555555666660889999988880666088
3000002222222222033334444444444444444444443330222222203344444444445555555555555666655555555555555555555555554444444444444444444444443002220000003444444455544444555555555566666666655555555555555555555555555555555555555555555555555555666608899999998880066000
3000022222222222033344444444444444444444433330222222203344444444445555555555555566555555555555555555555555555444444444444444444444443300203333333444444455555555555555555666666666665555555555555555555555555555555566666655655555555556666660899999998888000006
0002222222222222034444444444444444444444433333022222200344444444444555555555555565555555555555555555445555555444444444444444444443333300033344444444444555555555555555556666666666665555555555555555555555555555555566666666665555555666666608899999999998888880
2222222222222222344444444455555444444444443333022200003344444444444555555555555555555555555555555554444555555444444444444444444333330000333444444444455555555555555555556666666666655555555555555555555555555555555566666666666666656666660888889999999999888888
2222222222222220344444455555555544444444443333002203333444444444444455555555555555555555555555555554444555554444444433333334433330000000033444444444555555555555555555555666666666655555555555555555555555555555555566666666666666666666608899899999999999988999
2222222222222220344444555555555544444444443330000003333444444444444445555555556655555555555555555555444555444444444443300333333000333300034444444455555555555555555555555666666655555555555555555555555555555555555566666666666666666666088999999999999999988999
2222222222222203444445555555555555444444433002222003334444444444444445555566666665555555556666555555444444444444444444333333333333333333344444455555555555555555555555555566655555555555555555555555555555555555555556666666666666666660889999999999999999888999
2222222222222034444455555555555555444444330022222233333444444444444445555566666665555555556666555554444444444444444444433333333333333444444445555555555555555555555555555555555555555555555555555555555555555555555556666666666666666660889999999999889998888899
2222222222203344444555555555555555444444300022002033333444444444444445555566666665555555556666555555445554444444443334433333444444334444444455555555556655555555555555555555555555555555555555555555555555555555555555666666666666666660889999999888888888888888
2222222203334444445555555555555555444444300000000333333333444444444444555556666665555555555655555554555555444444444334444444444444444444444555555666666666555555555555555555555544444444555555555555555555555555555555666666666666666660888999998888888888888888
2222220034444444455555555555555555444444333333333344444333344444444444555555556665655555555555555544555555544444444444444444444444444444444555555666666666555555555555555555554444444444455555555555555555555555555555566666666666666660888888888888800000000088
2220033344444444555555555555555554444444333444444444444433344444444444455555555666655555555555555544455555554444444444444444444444444444455555555666666666555555555555555555444444444444444555555555555555555555555555556666666666666660008888888888000666666660
2003333444444445555555555555555554444444433444444444444433344444444444455555555655655555555555555554444455555444444444444444444444444444555555556666666666555555555555544444444444444444444455555555555555555555555555555666666666666600008800000000066666666666
0033344444444455555566665555555554444444433344444444444433344444444444455555555555556655555555555554444445555444444444444455544444444455555555566666666666555555555554444444444444444444444455555445555555555555555555555666666666666600000000006666666666666666
3334444444445555555566666555555554444444433444444444444433334444444444555555555555556666655555555544444445555544444444444555555444444555555556666666666666555555555554444444444433333334444455554444455555555555555555555666666666666600000000066666666555555666
4444444444455555555666666555555544444444434444444444444443334444444444555555555555566665555555555444444445555544444444455555555554555555555666666666666665555555555554444444333300020003444444444444455555555555555555555566666666000088800666666666666555555555
4444444445555555555666665555555544444444444444444444444444334444444444555555555555566655555555555444444445555544444444555555555555555555555666666666666665555555555554444443022222222222044444444444455555555555555555555566666660000088880066666666665555555555
4444444445555555556666665555555444444444444444444444444444444444444444455555555555555555555555555544444445555444444445555555555555555555556666600666666665555555555544444433022222222222234444444444455555555555555555555556666666000088880666666666555555555555
4444444455555555555666665555555444444444444444444434444444444444444444445555555555555555555555555544444444555444444445555555555555555555666666000066666665555555555544443330222222222222204444444455555555555565555555555555666666666008880666666665555555555555
5544444555555555565666666555554444444444444444444333344333344444444444444555555555555555555555555444444444444444444445555555555566655666666666000066666665555455555444433002222222220222220444444455555555555666555555555555666666666608880666666655555555555555
5555555555555555566666666555554444444444444444444333333333344444444444444555555555555555555555554444444444444444444445555556666666666666666666080006666665555555555444433002222222000022220344444455555565555666555555555555566666666660006666666555555555555555
5555555555555555556666666555554444444444444444434433333333344444444444444555555555555555555555554444444444444444444445555556666666666666666666088006666665555555555444443302222220000222222344444445555555556666655555555555555566666660666666665555555555555555
5555555555555555556666666655554444444444444444444443333333344444444444444555555555555555555555554444444444444444444444555555556666666666666666600666666665555555555444444302222222000222222344444444555555566666666555555555555555566666666666655555555555555555
5555555555555555556666666655555544444444444444444433333333344444444444444555555555555555555555554444444444444444444444555555556666666666666666666666666655555555444444444302222222222222222344444445555666666666666665555555555555555666666666555555555555555555
5555555555555555555555666655555555554444444444444433333344444444444444444455555555555555555555554444444444444444444444555555566666666666666666666666665555555555444444444302222222222222222344444455555666666666666665555555555555555556655566555555555555555555
5555555555555555555555566655555555555444444444444433344444444444444444444455555555555555555555544444444444444444444444555555566666666666666666666666555555555555444444443300222200002222222044444455555666666666666555555555555555555555555555555555555555555555
5555544555555555555555566655555555555544444444444444444444444444444444444555555555555555555555544444444444444444444444555555556666666666600666666666555555555554444444433022222211102222222034444455555566666666665555555555555555555555555555555555555555555555
5555544555555555555555566666555555555544444444444444444444444444444444445555555554444555555555444444444444444444444444445555555556666666600066666666555555555554444444430222222011102222222203444445555566666666655555555555555555555555555555555555555555555555
5555555555555555555555566666555555555554444444444444444444444444444444445555555555544555555555444444444444444444444444444455555555556666660066666666655555555544444444430222222011110222222203444444555566666666655555555555555555555555555555555555555555555555
5555555555555555555555566666555555555554444444444444444445544444444444445555555555555555555554444444444444444444444444444445555555555666660000006666655555555444444444443222222011111022222220344444555566666666655555555555555555555555555555555555555555555555
4444444555555555555555566665555555555555444444444444444455555554444444455555555555555545445555444444444444444444444444444445555555555666666000000666655555544444444444443022222011111022222222334444455555566555555554444455445555555555555555554444445555555555
4444444455555555555555566555555555444444444455444444444455555555444444555555555555555555444555444444444444444444444444444445555555555566666008880666655555444444444444444322222200011002222222203444445555555555555444444444444555555555555554444444444555555555
4444444445555555555555555555555555444444454555544444444555555555444444555555555555555555545555444444444444444444444444444445555555555556666608880666655555444444444444444302222200011002222222203444444555555555555444444444444445555555555444444444444455555555
4444444444555555555555555555555555444444455455554444444455555555555555555555555555555555445554444444444444444444444444444444555555555555666660000666655544444444444444444430222200000022222222220344444444555555554444444444444445555555544444444444444455555555
4444444444444445555555555555555555444444455545554444444445555555555555555555555555555555545554444444444444444444444444444445555555555555566666666666555444444444444444444433222222200222222222222034444444444444444443344444444444454444444444444444444445555555
4444444444444444455555555555555554444444445544444444444444555555555555555555555555555555555544444444444444444444444444444445555555555555566666666665555444444444444444444444322222222222222222222203444444444444444443333444444444444444444444444444444444555555
4444434444444444444445555555555554444444444444444444444444555555555555555555555555555555555444444444554444444444444444444445555555555555566666666655555444444444444444444444402222222222222222222220333344444444444333333334444444444444444444444444444444455445
4433333334444444444444555555555544444444444444444444444444555555555555555555555555555555554444444444445444444444444444444445555554555555566666666555554444444444444444444444443222222222222222222222200000333333333030000034444444444444444444444444444444444444
3330000033444444444444555444544444444444444444444444444445555555555555555555555555555555554444444444444444444444444444444455555554555555566666555555554444444444444444444444444302222222222222222222222222220000002200222233444444444444444444444433334444444444
0033000003444444444444555444444444444444444444444444444444555544455555555555555555555555554444444445555444455444444444445555555555555555566665555555544444444444444444444444444300222222222222222222222222222222222222222203444333344444444444443333034444444444
0033000003344444444444454444444444444444444444444444444444555555555555555555555555555555554444454455555555555444444444555555555555555555556655555554444444444444444444444444444330222022222222222222222222222222222222222220333300003444444444443333033444444444
2200222220333333334444454445444444444444444444444444444445555555555555555555555555555555554444555555555545555444444445555555555555555555555555555554444444444444444444444444444300000002222222222222222222222222222222222222000002222034444444444330000344444433
2222222220030200033444444455444444444444444444444444444445555555554555555555555555555555555444555555544444554444444555555555555555555555555555555544444444444444444444444444444300033302222222222222222222222222222222222222200222222203444443333302200333333333
2222222222222222003444444454444444444444444444444444444445555544544445555555555555555555555555555555444444544444444555555555555555555555555555555554444444444444444444444444444430033330222222222222222200022222222222222222222222222203344430000022220000003333
2222222222222222203344444444444444444444444444444444444444445555444444444555555555555555555555555554444444444444444455555555555555555455555555555554444444444444444334444444444433334430022222222222222200022222222222222222222222222033333330222222222222200033
2222222222222222200344444444444444444444434444444444444444455555444444444555555555555555555555555444444444444444444455555555555555554445555555555544444444444444444333344444444433334443022222222222222022222222222222222222222222222033333002222222222222222200
0000000222222222220034444444444444443333334444444444444444455554444444444555555555555555555555554444444444444444444455556665555555554445555555555544444444444444443333334344444433444443022222222222222022222222222222022222222222220333330022222222002222222222
1111111122222222222034444444444444433333334444444444444444454444444444444555555555555555555555554444444444444444444555556665555555544444555555555544444444444444443003333344444433444443302222222222222000000200222000102222222222222333002222222220000022222222
1111111112222222222234444444444444330000334444444444444445554444444444444555555555555566655555554444444334444444444555566666555555544444455555555544444444444444443003333334444333444443322222222222222011111011111111110222222222222033022222222000110002222222
1111111110222222222204444444443333300000333444444444444455554444444444444555555555555666666555554444444333444444445555666666555555554444445555555544444444444444444300033333443333344443022222222222220111111111111111111000222222222030022222222001110002222222
1111111111002222222223444444433330020022000344444444444455554444444444444555555555556666666555555444443300334444444555666666555555554455555555555444444444444444444300033333443333344444022222222222221111111111111111111111002222222030022222222011110000222001
1111111111111002222220444444433300022222220334444444444445554444444444445555555555566666666555555444444020333444444555666665555555555555555555555444444444444444444330033333344330344444322222222222201111111111111111111111100222222000022222222011111100200111
1111111111111110222220344443433330022222220333444444444444444444444444445555555556666666666555555444444320033444444555566555555555555555555555554444444444444444443333003000333333444444322222222222211111111111111111111111100222222220022222220011111110001111
1111111111111110222220333333333333022222220333444444444444444444455544445555555566666666666555555544444300334444444555555555555555444555555444454444444444444444333330002222033333444444322222222222211111111111111111111111110222222222222222200001111111111111
1111111111111111022222033333330333302222200333444444444444444444455555555555555566666666666555555555444443444444444555555555555554444555554444445444444444444443330000022222220034444443322222222222211111111111111111111111102222222222222222200000111111111111
1111000011111111122222220033000033302222203333444444444444444444555555555555555666666666666665555555544444444444444455555555555554444555555544445555444444444433330030222222222034444443022222222222201111111111111111111111102222222222222222222201111111111111
1100000000001111110222220033222003302222220333444444444444444444555555555555555666666666666655555555554444444444444444455555555544444555545555555555444444444333330000222222222203444433022222222222201111111111111111111111112222222222222222000001111111111111
1000000000001111111022222000222220022222220003344444444444444444555555555555556666666666666655555555555444444444444444455555555554444455445555555555444444444333000000222222222203444433222222222222201111111111111111111111110222222222222200000111111111111111
0000000000011111111022222002222222222222222200334444444444444444555555555555566666666666666655666666555444444444444444455555555555444444445555555555444444444333000022222222222220334330222222222222220111111111111111111111110222222222222201111111111110010011
0000000000111111111122222222222222222222222220033344444444444444555555555565566666666666666666666666655555444455444445555555555555444444444555555555444444444433002222222222222222003300222222222222221111111111111111111111110022222222222001111111111100000011
0000000000111111111102222222222222222222222222003334444444444444555555555556666666666666666666666666655555555555555555555555555444444444444444555555444444444433002222222222222222220330222222222222201111111111111111111111110002222222222011111111111100000111
0000000000111111111102222222222222222222222222200334444444444444455555555555666666666600066666666666665555555555555555555555544444444444444444445555444444444333002222222222222222220333222222222222201111111111101111111111110222222222222011111111111100001111
1100000000111111110022222222222222222222222222200334444444444444445555555556666666666000066666666666665555555555555555555444444444444444444444444544444444444330022222222222222222222033022222222222201111111111100111111100002222222222222001111111111110011111
1111111111111111102222222222222222222222222222220334444444444444445555555566666666666000000088888066666666555555555555555444444444444444444444444444444444443000222222200220222222222200022022222222221111111111111111111022222222222222222200111111111111111111
1111111111111111022222222222222200000022222222220333444444444444444555555666666666666600888888888806666666655555555555544444444444444444444444444444554444443022222222200000022222222220003302222222220111111111111111102222222222222222222220001111111111111111
1111111111110000222222222222222003330000222222222003444444444444444555555666666666666600888888888006666666655555555555444444444444444444444444444445555554444022222222201110000222222222334430222222222011111111111111222222222222222222222222201111111111111111
1111111111100002222222222222220033333333000222220033444444444444445555556666666666666608888998888006666666555555555554444444444444444444444444444455555555444302222222201110000222222220344430222222222201111111111102222220000220022222222222220111111111111111
1111111111000000222222222222220333444333333002200033444444444444455555566666660006666600888999988000666666555555555554444444444444444444444444444555555555444430222222201111000222222220444430222222222220110001000022222220330000022222222222222001111111000011
1111111111100000222222222222203333444333333302000033444444444444555555566666000000666600888899888880666666555555555544444444444444444444444444445555555555544443222222211111100222222223444430002222222222222222222222222220333300222222222222222222222000222200
1111111111110000222222222222203334333333333022000033444444444445555555556660000080066660000888888006666666655555555544444444444444444444444444445555555555544443022222201111100022222223444433330022222222222222222222222200003300222222222222222222222222222222
0000111111110000222222222220033334333333333022202003444444444455555555556660000000066666666000666666666666655555555554444444444444444444444444455555544555544444022222201111000022222220333333330000222222222222222222222220000022222222222222222222222222222222
0000000110000000222222220220333333333333333302202003344444444555555555556660006606666666666606666666666666555555555554444444444444444444444444555554444445444444022222201110000022222220000333300000222222222222222222222220000222222222222222222222222222222222
2222222000000022222222200000333333333333333302200033344444444455555555566666006666666666666666666666666665555555555555444444444444444444444444455444444444444443022222200000001002222222222000022222222222222222222222222200002222222222222222022222222222222222
2222222222222222222220033333344333333333333002200333334444444444555555556666666066666666666666666665555555555555555554444444444444455444444444444444444444444330222222220000011102222222222222222222222222222222222222220000002222222222222200000000022222222222
2222222222222222220333344333344333334443333000203333333444444444555555556666666666666666666666666665555555555555555554444444444444455444444444444444444444433022222222200001111110022222222222222222222222222222222222200330022222222222222200000330022222222222
0000022222222222034444444433444333334444333330033443333444444444555555555566666666666666666666665555555555555555555555444444444444455544444444444444444444300222222220000001111111022222222222222222222222222222222222200000222222222222222022033330022222222222
3333330222222220344444444443444433344444443333334443333444444444555555555566666665555555555555555555555555555555555555444444444444455555444444444444444433022222222220000011111111002222222222222222222222222222222222222222222222222222220000033330222222222222
4444444330222203444444444444444444444444443334444444333344444444555555555566666555555555555555555555555555555555555555544444444444455555555444444444444302222222222200111111111111100002222222222222222222222222222222222222222222222222220333333333222222222222
4444444444300334444444444444444444444444443344444444333334444444555555555556655555555555555555555555555555555555555555554444444444455555555544444444443022222222222201111111111111111110222222222222222222222222222222222222222222222222220333333333022222222222
4444444444433344444444444444444444444444444444444444333334444444555555555555555555444444455555555555555555555445555555554444444444555555555554444444443022222222222011111111111111111110222222222222222222222222222222222222222222222222000333444333022222222222
4444444444433444444454444444444444444444444444444444433344444444555555555555555555444444444444555555555555554445555555544444444444555555555554444444433222222220000011111111111111111111000222222222222222222222222222222222222222222222000033444333000222222222
4455554444444444445555554444444444444444444444444444444444444444555555555555555554444444444444444445555555544445555555544444444444555555555555444444432222222000000111111111111111111111110022222222222222222222222222222222222222222222220034444333303002222222
5555555444444444445555555444444444444444444444444444444444444444555555555555555554444444444444444444555555444445555555444444444444555555555555444444302222222000000111111111111111111111111022222222222222222222222222222222222222222222222034444334444333022222
5555555555444444555555555544445545544444444444444444444444444444555555555555555554444443344444444444455554444445555555444444444445555555555555444444322222220000000111111111001111111111111100222222222222222222222222222222222222222222220334444344444443322222
5555555555555555555555555555555555544444444444444444444444444444555555555555555554444430033344444444455555544444555554444444444445555555555554444443022222220100100011111111111111111111111110022222222222222222222222222222222222222222220344444444444433302222
6555555555555555555555555555555555444444444444444444444444444444555555555555555554444430000334444444455555554444444444444444444445555555555554444430022222000000110000011111111111111111111110000222222222222222222222222222222222222222203444444444444443333330
6655555555555555555555555555555555444444444444444444444444444444555555555555555555444430000003444444555555544444444444444444444444555555555544444430022222000000110002001111111111000011111110000222222222222222222222222222222222222222044444444444444444444444
6665555555555666666555555555555555444444444444444444444444554445555555555555555555544443000003444444544444444444444444444444444444444555555544444433022222222000110000201111111100000011111110002222222222222222222220222222222222222222344444444555554444444444
6666555555556666666655555555555555544444444444444444554445555555555555555555555555554443333303444444444444444444444444444444444444444445555544444443022222222000000010001111111000000111111100022222222222222000222000003000000022002203444444455555555544444444
6666666655566666666666555555555555555444444444444444544444555555555444555555555555554444444333444444444444444444444444444444444444444444455444444433222222022200000011111111111100000111111000022222222222222000000333333333343330333334444444555555555555545555
5556666665666666666666555555555555555544444444444444444444445555555444555555555555554444444434444444444444444444444444444444444444444444444444444330222222022000011111111111111111001111110000022222222222200333333333334334444433444444444445555555555555555555
5555666665666666666666655555555555555555544444444444444444445554444444555555555555554444444444444444444444444444344444444444444444444444444444443330222220222000111111111111111111111111110000022222222222033344333344334444444444444444444455555566555555555555
6655666666666666666655555555555555555555555444444444444444444544444444455555555555554444444444444444444444444433003444444444444444444444444444333302222220222220111111111111111111111111110000022222222220333444443444444444444444444444444555555666666665555666
6665555566666666555555555555555555555555555544444444444444444444455444445555555555554444444444443344444333333330000334444444444444444444444444333302222222222222011111111111111111111111110000022222222220333444444444444444444444444444445555555666666666666666
6655555555565565555555555555555555555555555554444444444444444444555444445555555555555444444443333344333022000300222034444444444444444444444444443302222222222222001111001111111111111111100000222222222203333444444444444444444444444444445555555666666666666666
5555555555555555555555555555555555555555555554444444333344444445555544444444555555555544444444334444430222222022222034444444444444444444444333443302222222222222220000020011111100022000000022222222222033344444444444444444444444444444444555555566600666666666
5555555555555555555555555555555555555555555554444443000334444445555544444444455555555544444444444444430222222222220334444444444444444444443000330022222222222222222000222200000022222222220022222220222033344444444444444444444444444444444555555566600066600000
5555555555555555555555555544445555555555555554444330200334444444555544444444455555555554444444444444430222222222203344444444444444444444433000000222222222222222222222222222222222222222222222222200002003344444444444444444444444444444444555555666660888088800
4455555555555555554445544444444555555555555554444300200034444444455444444445555555555555544444444444330222022222003444444444444444444444433333000222222220002222222222222222222222222222222222222033330003344444444444444444444444444444444555556666660888888800
4445555555555555544444444444444555555555555554444330000034444444444444444455555555555555554444444443300220002200033444444444554444444444444433333000002003330022222222222222222222222222222222222334433333344444444444444444444444444444444555566666660888888888
4444555555555554444444444444445555555555555554444433330034444444444444444455555555555555555544444443000222000033333444444444554444444444444444444333333333333302222222222222222222222222222222220344444433444444444444445554444444444444444555556666660889998888
4444455555555554444444444444444555555555555555444443333334444444444444445555555555555555555555444443330222003344334444444444554444444444444444444444444433333302222222002222222222222222222222203444444443344444444444455555444444444444445555556666666088998889
4444444444555544544444444444445555555555555555444444444444444444444444555555555555555566555555544444333022034444444444444444554444444443344444444444444433333302222222002222220222222022222222203444444443344444444444455555544444444444445555555666666608888888
4444444444555444444444444444445555555555555554444444444444444444444444555555555555556666666555544444333000344444444444444444554444444443344444444444444433003300000020000222200222220000222222033444444443334444444444445555554444444444445555555666666660888800
4444444444555444444444444444445555555555555544444444444444444444444445555556666666666666666655554444443333444444444444444444444444444444344444444444444430200300000000000000200022220333300020333444444433003343334444445555554444444444445555555566666666000066
4444444444555444444444444444444555555555555544444444444444444444444555555666666666666666666655554444443334444444444444444444444444443333344444444444444430220000333333333300033022203344333333343444443330222033003444444445554444444444444555555555556666666666
4444444444444444444444444444444444555555555444444444444444444444445555556666666666666666666555555444444444444444444444444444444444443033334444444444444430220033344444444330333330033444444334443334443000222200003444444444444444444444444555555555556666666666
4444444444444444444444444444444444455555555444444444444444444444555555566666666666666666666555555554444444444444444444444544444444443000033444333334444443000334444444444333334433344444444344433333430000222200003444444444444444444444455555555555555555566666
4444444444444444444444444444444444455555555444444444444444444445555555666666666666666666666555555554444444444444444444444544444444430222003333333344444443003344444444444333344444444444444333333334443333000000220334444444444444444444455555555555555555556666
4444444444444444444444444444444444455555544444444444444444444455555556666666666066666666666555555544444444444444444444444454444444432222200033333334444443333444444444444444444444444444443303333334444433333002222033344444444444444444555555555555555555555666
4444444444444344444444444444444444444444444444444444444444444455555566666666666000006666666555555554444444444444444444444444444444302222222200003334444443334444444444444444444444444444443000003334444444433302222203333333444444444445555555555555555555555555
4444444444443334444444444444444444444444444444444444444444444555555566666666666088800666666555555555544444444444444444455544444444322222222222200334444444444444444444444444444444444444444300003333444444444302222222000000344444444455555555555544445555555555
4444444443333333444444444444444444444444444444444444444444444555555566666666660888888066666555555555554444444444444455555554444444302222222222220034444444444444444444444444444444455544444333333033344444444330222222222222334444444455555555555444444445555555
4444444443333344334444444444444444444444444444444444444444444555555566666666660899998000666555555555555555544444455555555555444444432222222222222034444444444444444444444444444444455544444444443333334444443330222222222222234444444445555555555444444445555555
4444444443003444444444444444444444444444444444444444444444455555555666666666660899998880066665555655555555554444555555555555444444440222222222222203344444444444444444444444444455555555544444444333333333333302222222222222203444444444555555554444444445444444
4444444443003344444444444444444444444444444444444444444444555555556666666666608899998888806666666665555555555555555555555554444444443222222222222220333333333344444444444444444555555555555444444444333333333302222222222222223444444444445555554444444444444444
4444444443020333444444444444444444444444444444444444444445555555566666666666008899999888880666666666555555555555555555555444444444443222222222222222033300033334444444444444444555555555555554444444433300000022222222222222223444444444444444554444444444444444
4444444443020033444444444444444444444444444444444444444455555556666660066666008899999888880666666665555555555555555555555444444444443022222222222222033300033344444444444444444555555555555555444444433300022222222222222222223444444444444444555554444444444444
4444444433022003344444444444444444444444444444444444444455555566666660006666608889999888880066666655555555555555555555555444444444443302222222222222033300033444444444444455555555555555555555544444443300222222220022222222204444444444444444555555544444444444
4444444330022220344444444444444444444444444444444444444555555666666600880666600889999888888066666655555555555555555555555444444444444443300022222222034330034444444444445555555555555555555555554444443300222222200033022222234444444444444444455555555444444455
4444444302222220344444444444444444444444444444444444444555566666666008880066608889999888888806666655555555555555555555555444444444444444333300222222033333334444444445555555555555555555555555555444443330022222200333022222234444444444444444455555555444444455
3333443022222000344444444444444444444444444444444444445555566666666008880006608889999888898806666655555555555555555555555544444444444444444430002200033444444444444555555555555555555556666665555444444333300220003333022222234444444444444444455555555444444444
0003343022222003344444444444444444444444444444444444455555566666666088888000008889999888888866666655555555555555555555555554444444444444444333000333334444444444455555555555556655555566666665555444444444433000033330022222044444444444444444445555554444444444
2220333002222200334444444444444444444444444444444444455555566666666088888000008888998888888666666555554555555555555555555554444444444444443333333344444444444445555555555555566666656666666665555544444444444333334330022220344444444444444444445555544444444444
2220033002222200003333344444444444444444444444444455555555666666000888880066600888888888880666665555555555555555555555555555544444444444444433333444444444444455555555555555666666666666666665555554444444444444444430022203444444444444444444445555555444444444
2222000000003000000000033444444444444444444444444555555555666666000088006666660088888000006666655555555555555555555555655555544444444444444444444444444444445555555555555555666666666666666665555554444444444444444430000034444444444455554444455555555555444444
2222200003343330022222203344444444444444444444445555555555566666606006666666666600000666666665555555555555555555556666665555544444444444444444444444444444445555555555555555666666666666666655555554444444444444444330200344444444455555555444555555555555544444
2222222003444333022222220334444444444444444444444555555555566666666666666655566666666666666655555554444444555555556666665555544444444444444444444444444444455555555555555555666666666666666655555544444444444444444300203444444444455555555555555555555555544444
2222222203444444302222220334444444444444444444444445555555566666666666666555556666666666666555555544444444455555556666665555544444444444444444444444444444455555555555555555666666666666666555555544444444444444444330033444444444555555555555555555555555544444
2222222033444444430222220033444444444444444444444444555555566666666666666555555666666666555555544444444444455555555666665555544444444444444444444444444444445555555555555555666666666666665555555544444444444444444433334444444444555555555555555555555555544444
0222222033444444430222222033444444444444444444444444555555565566666666665555555555566665555555444444444444445555555666665555555555555444444444444555554444445555555555555666666666666666665555555444444444444444444443334444444444555555555545555555555555554444
0002220034444444430222222003444444444444444444444444555555555556666666655555555555555555555555444444444444444555555566665555555555555555554444444555555445455555555555566666666666666666665555555444444444444444444444444444444444455555555555555555555555555555
3300000334444444300222222033444444444444445544445555555555555555666666555555555555555555555555544444444444444555555556665555555555555555555454445555555555555555555555666666666666666666665555554444444444444444444444444444444444555555555555555555555555555555
3330003444444443300222220334444444444444555554455555555555555555555665555555555555555555555555544444333344444555555555665555555555555555555555455555555555555555555555666666666666666666665555544444444444444444444444444444444444555555555555555555555555555555
4433334444444444300222223344444444444444555554445555555555555555555555555555555555555555555555544444333334444455445555555555555555555555555555555555555555555555555555566666666666666666655555444444444444444433443444444334444444555555555555555555555555555566
4444444444444444300222003444444444444445555544444444455555555555555555555555555554444444444554444444433334444444445555555555555555555555555555555555555555555555555555566666666666666666655554444444444444444333334444443333444444455555555555555555555555555566
4444444444444444300222034444444444444445555544444444444455555555555555555444444444444444444444444444443333444444445555555555555555555555555555555555555445555555555555556666666666666666655544444444444333333333344433443333444444555555555555555555555555555566
4444444444444444302222033444444444444444544444444444444444444445555555544444444444444444444444444444444333344444455555555555555555555555555555555555554444444455555555556666666666666666555544444444433300000003334333333333444445555555555555555555555555555555
4444444444444444300222034444444444444444444444444444444444444444555554444444444444444444444444444444344300344444455555555555555555555555555555555555544444444445555555556666666666666655555544444444443300000200344330333333444445555555555555555555555555555555
4444444444444444430220334444444444444444444444444444444444444444444444444444444444444444444444443333333300344444455555555555555555555555555555555555544444444445555555556666666666665555555544444444443300000000344330003333444445555555555555555555555555555555
4444444444444444430003344444444444444444444444444444444444444444444444444444444444444444444444430000033003344444455555555555555566666655555555555555554444444444555555555555555666555555555444444444444330000000333330003434444445555555555555555555555555555555
4444444444444444433334334444444444444444444444444444444444334444444444444444444444433333444333302222000003444444555555555555555566666666555555555555555444444444555555555555555555555555555444444444444443000000330000003444444445555555555555555555554445555555
4444444444444444433344444444433444444444444444444444444443000303344444444444444444330000333333022222222203444444555555555555555566666666555555555555555544444444555555555555555555555555544444444444444444333300002222003444444445555555555555555555554444455555
4444444444444444433444444444334444444444444444444444444330222220033344444444444433302222200002222222222203444445555555555555555666666666555555555555555544444444455555555555555555555555544444444444444444433302222222034444444445555555555555555555544444444544
4444444444444444444444444444334444444444444444444444443302222222222203333444443330022222222222222222222223444445555555555555555666666666555555555555555544444444455555555555555555555555444444444444444444433302222222034444444444455555555555555555544444444444
5554444444444444444444444444444444444444444444444444443002222222222222003334430022222222222222222222222220444444455555555555555566666665555555555555555544444444455555555444455555555555444444444444444444433300222200344444444444455555555555555555544444444444
5555444444444444444444444444444444444444444333334444402222222222222222000033302222222222222222222222222222344444455555555555555566666555555555555555544445444444555555544444455555555554444444444444444444433333000333444444444444455555555555555555544444444444
5555544444444444444444444444444444444444333002203333022222222222222222002200222222220011022222222222222222034444455555555555555666666666555555555555444444444444555555544444455555555544444444444444444444433333333333444444444444455555555555555555444444444444
5555555444444444444444444444433444443333002222222000222222222222222222222222222220011111100222222222222222203444455555555556666666666666655555555555444444444444555555544444444444444444444444444444444444443344444444444444444444445555555555555554444444444444
4555555555544455444444444443333333330022222222222222222222222222222222222222222201111111110222222222222222223444445555555566666666666666655555555555444444444444555555544444444444444444444444444444443444444444344444444444444444445555555555555544444444444444
4445555555555555544444444443300000302222222222222222222222222222222222222222222011111111110222222222222222222344455555555666666666666666665555555555444444444445555555554444444444444444444444444444333444444444444444444444444444445555555555555544444444444444
4445555555555555544444444443302220222222222202222222222222222222222222222222220111111111110222222222222222222034455555556666666666566666665555555555444444445555555555554444444444444444444444444443334444444444444444444444444444444555555555555544444444444444
4555555555555555544444444330022222222222222000000022222222222222222222222222220111111111110222222222222222222034455555566566666665556666665555555554554444455555555555554444444444444444444444444443334444444444444444444444444444444555555555555554444444444444
5555555555555555544444443302222222222222222000011100002222202222222222222222220111111111110222222222222222222034455555565566666666666666666655555555555554555555555555555444444444444444444444444444444444444444444444444444444444444455555555555555544444444444
5555555555554444444444330022222222222222222220111111000222000022222220002222201111111111100222222222222222220344455555555566666666666666666665555555555555555555555555555544444444444444444444444444444444444444444444444444444444444445555555555555544444444444
5555555555444444444444302222222222222222222220011111000000011100002001100001111111111111102222222222222222200344455555556666666666666666666666655555555555555555555555555554444444444444444444444444444444444444444444444444444444444445555555555555554455544444
5555555554444444444444302222222222222222222222011111000000111110000011110011111111111111102222222222222220003444455555556666666666666666666666665555555555555555555555555554444444444444443444444444444444444444444444444444444444444445555555555555555555554444
5555555554444444444444322222222222222222222222000000000000001110110001110011111111111111102222222222222203334444555555555555666666666666656666655555555555555555555555555554444444444444333344444444444444444444444444444444444444444444555555555555555555555444
5555555554444444444443322222222222222222222222222222000000000000000020002001111111111111022222222222000034444444555555555555566666666666555556655555555555555555555555555554444444444444333334344444444444444444444444444444444444444444555555555555555555555555
5555555554444444444333022222222222222222222222222222222000000222222222222201111111111110222222222003333334444444455555555555555666666555555555555555555555555555555555555555444444444444303333444444444444444444444444444444444444444444555555555555555555555555
5555555554444444443300022222222222222222222222222222222200022222222222222200111111111102222202220334444444444444455555555555555566666555555555555555555555555555555555554445444444444443000333444444444444444444444444444444444444444444455555555555555555555555
5555555554444444443302222220022222222222222222222222222222222222222222222220111111111022220000003344444444444444444555555555555556555555555555555555555555555444444445544444444444444430222033444444444444444444444444444444444444444444445555555555555555555555
5555555554444444443022222222222222222222222222222222222222222222222222222222000010000222203300333344444444444444444555555555555555555555555555555555555445554444444444444444444444443330222034444444444444444444444444444444444444444444444555555555555555555555
5555555554444444443222222222222222222222222222222222222220222222222200222222222222222222203333344444444444444444444455555555555555555555555555555555444444444444444444444444444444444332220334444444444444444444444444444444444444444444444455555555566655555555
5555555555544444430222222222222222222222222222222222222220022222222033302222222222222222234443444444444444444444444444444444444555555555555555555554444444444444444444444444444444444332200334444444444444444444455555555554444444444444444455555556666655555555
5555555555554444430222222222222222222222222222222222200200002222220333300222222222222222034444444444444444444444444444444444444455555544555555555444444444444444444444444444444443334430222034444444444444444444555555555555444444444444444455555556666655555555
5555555555554444443222222222222222222222222222222222200000000222220343330002222220222220344444444444444444444444444444444444444444554444455555554444444444554444444444444444444443334430222034444444444444444444555555555555544444444444444445555566666655555555
5555555555554444430222222222222222222222222222222222200011010022223344333300002003002203344444444444444444444444444444444444444444444444444555544444444444555444444444444443333333334430022033344444444444444455555555555555554444444444444445555566666665555555
5555555555554444443222222222222222222222222222222222200011011022223344333333330333330034444444444443344444444444444444444444334444444444444444444444444444444444444443333330200333334430002033344444444444444555555555566555555444444444444445555666666665555555
5555555555554444443022222222222222222222222222002222200000111022220333333333333444433344444444433333334444444333444444443330033344444444444444444444444444444444444430222002220000344430002200334444444444444555555555566555555544444444444445555666666666555555
5555544454555544444302222222222222222222222220000222200000010022220033333344444444444444444444433333334444443333333344443022003333444444444444444444444444444444444302222222222020334330222222233444444444444455555555556555555554444444444455556666666666555555
5555444444455544444430002222222003002222222222000222220002000222222033333344444444444444444444443333333333333000000334433022200003344444444433444444444444444444443022222222222222033302222222223444444444444455555555555555555554444444444555556666666666666666
5554444444455544444444333330000333330222222222002222222022222222222203333444444444444444444444443333330000000020000033330002000000333333333000333333444444444444433022222222222222222222222222220333344444444455555555555555555555444444445555566666666666666666
5544444444444554444444444433333344333022222222202222222222222222222203334444444555545444444444444433302222222222200000000000333000033302222222003333334444444443330222222222222222222222222222220000344444444445555555555555555555544444445555566666666666666666
5544444444444455444444444444444444433322222222222222222222222222222223344444455555555554444444444444302222222222222222220000333002200022222222220033334444444433000222222222222222222222222222222222034444444444445555555555555555555444455555566666666666666666
5554444444444455544444444444444444444300222222222222222222222222222223444444555555555555444444444444302222222222222222222220033022222222222222222200334444444433222222222222222222222222222222222222203444444444445555555555555555555544555555666666600000666666
5555444444444455555544444444444444444330022222222222222222222222222223344445555555555555544444444444402222222222222222202222000222222222220022222220344444444443222222222222222222222222222222222222220334444444444555556666555555555555555556666666660880066666
5555555444444455555554455544444444444443002222222222222222222222222203344445555555555555544444444444402222220000222222222222222222222222201102222220344444444430222200222222222222222222222222222222222034444444444455556666555555555555555566666666660000006666
5555555444444455555555455555554444444443302222222222222222222222222003444455555555555555554444444444322222201111022222222222222222222222011102222222344444444302220111000220000222222222222222222222222234444444444455556666665555555555555566666666666000006666
5555554444444455455555555555544444444443302222222222222222222200220033444455555555555555555444444443022222201111110222222222222222222220111110222222033443443022201111111000011022222222222222222222222234444444444555556666665555555555555566666666666000006666
5555554444444444445555555555544444444443300222222222222222222203000334444445555565556666555544444443222222201111110222222222222222222201111111002222220333330222211111111101111022222222222222222222222204444444444555556555555555554455555566666666666000066666
5555555444444444445555555555544444444443302222222000222222220033333344444445555555556666555554444430222220011111111022222222222222222011111111110022222202220222211111111111110022222222222222222222222233444444444455555555555555544445555566666666666000066666
5555555444444444444454455555444444433333002222222000002203333444444444444445555555556666555555444432222200011111111100222222000222222011111111111100022222222222011111111111110222222222222222222222220033444444444455555555555554444444555566666666600000666666
5555555444444444444444444454444444333300000022220033333334444444444444444455555566555566555555444430222200001111111111000000110222222011111111111111112222222222011111111111110222222222220022022222220003344444444455555555555444444444555566666666600000666666
5555555444444444444444444444444443000000003302200333444444444444444445555555555666666556555555444432222200001111111111111111111000220111111111111111110222222220111111111111110222222222003000000222000003344444444445555555554444444444555556666666666000666666
5555555544444444444444444444444430002200003300003344444444444444444555555555555666666655555554444402222200011111111111111111111111001111111100111111111100000020111111111111102222222220003000000000000033344444444444555555554444444444555555566666666666666666
5555555544444444444444444444443302002200033300200344444444444444444555555555556666666655555554444402222222011111111111111111111111111111111100111111111111101001111111111111102222222000000022200000222003344444444444455555554444444444555555555556666666666666
5555555544444444444444444444433302222203333302220334444444444444445555555555556666666555555554444432222222011111111111111111111111111111011100011111111111111111111111111111102222222220000022200030222003444444444444445555554444444444455555555556666666666666
5555555444444444444444444444443002222003333000220034444444444444555555555555556666666655555554444432222222211111111111111111111111111000001000011111111111111111111111111111100222222222000000000030020003444444444444445555554444444444455555555556666666666666
5555554444444444554444444444443002222200000000222203444444444444555555555555556666666665555554444430222222201111111111111111111111111000001000001111111111111111111111111111110222222220003333330033003334444444444444444555554444444444445555555556666666666666
5555544444444555554444444433333002222222222222222220444444444444555555555555555566666665555544444440222222222111111111111111111111110000011100011111111111111111111111111111102222222200003334433333333444444444444344444555554444444444445555555566666666666666
5555544455555555544444443333330022222222222222222220344444444444555555555555555556665555555554444443222222222011111111111111111111110000011111111111111111111111111111111110222222222033333344443333334444444333444344444455554444444444444555555666666666666666
4444444455555554444444433000222222222222222222222222034444444444555555555555555565655555555554444443222222222011111111111111111111111111111111111111111111111111111111002222222222220344444444443333033334444333443344444445544444433444444555555556666666666666
4444444555444444444444330222222222222222222222222222203444444455554445555555555665655555555554444444022222222201111111111111111111111111111111111111111111111111111100222222222222033444444433333333003333444433443344444444444444333444444455555556666666666600
5544444554444444444443302222222222222222222222222222203444444555544444554455555555555555555555444444300000222220111111111111111111111111111111111111111111111111000002222222222200344444444443333433000000344333333344444444444443333444444455555566666666600888
5554444554444444444433222222222222222200022222222222203444445555444444444445555555555555555555444444443330022222200111111111111111111111111111111111111110001110022222222233300333444444444444444333022200333333333344444444444443333444444455555566666600008888
5555555554444444444330222222222222222011100222222222234444444444444555444444555555555554555554444444444443302222222001111111111111111111111111111111111002220000222222222034444444444444444444444333022203333333333333334444444444444444444455555666660088888998
5555555555444444444330222222222222200111111002222222234444444444444454444444445555555544555544444444444444302222222201111111111111111111111111111111110222222000222222222344444444444444444444444443022203334333333333334444444444444444444455556666008888888999
5555555555444444444333022222222222201111111100222222034444444444444444444444444555555544555544444444444443302222222222000001111111111111111000011111110222222002222222222344444444444444444444444333022203344443333333334444444444444444444555556666088999999999
5555555555444444333333022222222222201111111110022222344444444444444444444444444555555554455444444444444443022222222222222220111111111111111100111111112222222222222222222334444444444444444444444333002220333343333333344444444444444444455555566660889999999999
5555555555444444333300222222222222001111111111002222344444444444444444444444444455555555455444444444444443022222222222222222011111111111111101111111102222222222222222222344444444444444444444444330022222033333334444444444444444444444455555666008899999999999
5555555555444444433022222222222220001111111111000222044444444444444444444444444455555544455444444444444443022222222002222222200111111111111111111111110222222222222202222344444444444444444444444430022222222200334444444444444444454555555555666888999999999999
555555555544444443022222222222222011111111111000022204444444444444444444444444445555544444444444444444444432222220000000222222001111111111111111111111022222222222220222234444444444444444444444443002222222222203344444444444444444455555555666088999999910109999
55555555555444444302222222222222200111111111111022220444444444444444444444444444555544444444444444444444443022220333330022222220001111111111111111111002222222222222222220344444444444444444444444430222222222220334444444444444444455555555566660899999910101099910
5555555555544444430222222222222220011111111111102222034444444444444444444444444445544444444444444444444444433000333333022222222222001111111111111111002222222222222222222203444444444444444444444443022222222222033444444444444444445555555566666089999991010101091010
5555555544444444443022222222222220111111111111102222034444444444444444444444444444444444444444444444444444444333334433002222222222220111111111111110002222022222222222222203444444444444444444443333322222222222233334444444444444445555555566600889999999101010101010
4444555544444444443022222222222220111111111111102220334444444444444444444444444444444444444444444444444444444444444433002222222222222011111111111110222000000022222222222223444444444444444444333333302222222222203333344444444444445555555566608899999999101010101010
4444555544444444443000222222222220111111111111102220344444444444444444444444444444444444444444444444444444444444444444330222222222222201111111111110000000000002222222222223444444444444444333333333302222222222220333344444444444445555555666688899999999101010101010
4444455454454444443000000222222220111111111111102220344444444444444444444444444444444444444444444444444444444444444444443022222222222221111111111110000010001102222222222203444444444444444433334433322222222222220033444444444444445555556666088899999999101010101010
4444444444444444430003330220022220111111111111102220344444444444444444444444444444444444444444444444444444444444444444444430222222222220111111111110000111111100002222222234444444444444444444444443322222222222222003444444444444555555556666088899999999101010101010
444444444444444443003343300330222211111111111111222233333333334333333344444444444444444444444444444444444444444444444444444400000222222211111111111100111111110000022222203444444444444444444444444302222222222222220344444444444455555556666688889999999991010101010
444444444444444443333344333330222011111111111111022200000220033333333333444444444444444444444444444444444444444444445544444443330222222201111111111100111111111000222222204444444444444444444444444302222222222222220344444444444555555556666088999899999991010101010
444444444444444444333444433330222001111111111111022222222222203333330003344444444444444444444444444444444444444444555555444444433002222221111111111111111111111022222222234444444444444444444444443302222222222222222334444444455555555566666608898889999991010101010
44444444444444444433444444330222200111111111111112222222222220000330022034444444444444444444445544444444444444555555555555444444333022222011111111111111111111022222222203444444444444454444444444430222222222222222203444444555555555566666666088888899999910101010
4444444444444444443344444330222220111111111111111022222222222200030022220344444444445555555555555555444444444555555555555554444444330222220111111111101111111122222222203444445554444455555555544444302222222222222222344444555555555556666666668888888999999999
444444444444444443344444430022222011111111111111111022222222222200022222203333444445555555555555555554444444455555555555555444444443022222201111111100011111102222222203444455555554555555555554444430222222222222222234444555555555556666666666888008899999101099
44444444444444443334444443002222001111111111111111111002222222222222222220003344444555555555555555555444444445555555555555544444443022222220011111100001111110222220003444445555555555555555555544443002222222222222204444455555555556666666666088880889999910101010
44444444444433333003444430002222011111111111111111111110222222222222222220003444445555555555555555555444444445555555555555555444443222222222011110022200111102222200334444455555555555555555555544443302222222222222204444445555555566666666660088888889999910101010
44444444333333300000333300002222011111100001111111111111022222222222222200003444445555555555555555555444444455555555555555555444443222222220011112222222000022222003334444445555555555666665555544444430222222222222034444455555555566666666008889999999999910101010
44444443333300002222202222002222111111100000000111111111020022222222222203334444455555555555555555555544444455555555555555555444443022222220011102222222222222222033444444445555666666666665555554444443022222222220344444455555555556666666008899999999999991099
0033333300002222222222222222222011111110000000000111111110002222222222003334444455555555555555555555554445445555555555555555544444432222222200110222222222222222033344444445555666666666666655555544444443022222222344444444555555555566666660089999999999999999
220000022222222222222222222222201111110000000000001111111100222222222033334444455555555555555555555555444555455555555555555554444443022222220000022222222222222203334444444555666666666666665555555554444433022222034444444445555555556666666008889999999999991010
22222022222222222222222222222220111111000000000000001111111022222222033444444455555555555555555555555554555544555555555555555444444430222222000002222222222200003333444444455566666666666666655555555544444433222033444444444555555555666666600888999999999999910
2222202222222222222222222222222001111100000000000000111111102222222234444444455555555555555555555555555455554455555555555555544444443022222200002222222022220333333344444445556666666666666666555555555444444432203444444444445555555566666660889999999999999999
2222222222222222222222222222222001111100000000000000111111102222222034444444555555555555555555555555555555544455555555555555544444443302222200002222220030003333333333434445556666666006666666655555555444444430003444444444455555555566666660899999999999999999
2222222222222222222222222222222011111100000000000000111111122222222034444445555555555555555555555555555544444455555555555555555444444330222222222222220033003333300003334444556666666666666666655555555544444443333444444444455555555566666660899999999999999999
2222222222222222222222222222222011111000000000000000111111122222222034444445555555555555556555555555555544444555555555555555555444444443022222222222022033333333300033444445556666666666666666665555555544444443333444444444445555555566666668899999999999999999
2222222222222222222222222222222111111000000000000001111111102222222034444445555555555556666555555555555544444555555555555555554444444443322222222220000034433333330334444445555666666666666666666655555544444444333444444444444555555566666668899999999999999999
2222222222222222222222222222220111111000000000000001111111102222222034444445555555556566666555555555555544444555555555555555544444444444302222222200333344443334333344444445555666666666666666666665555554444444444444444444444555555556666660899999999999999999
2222222222222222222222222222222011111000000000000001111111122222220334444444555555555556666565555555444444445555555544445555544444434444302222222220033444443334444444444445556666666666666666666655555554444444444444444444444555555556666666089999999999999999
2222222222222222222222222222222011111000000000000011111111022222000334444444455555555556666665555554444444445555555444445555544444333444300002222220034444433333444444444455556666666666666666556655555554444444444444444444444555555556666666689999999999999999
222222222222222222222222222222011111110000000000011111111102222220033344444445555555555666665555554444444444455554444445555554444430334433333222220000344333333344444444445555666666665666666655655555555544444444444444444444455555555666666668999999999991010999
22222222222222222222222222222201111111100000000011111111102222222033344444444555555555566666555555444444444445555444445555555444443033444444302222222033330003033444444444555566666655555666665555555555554444444444444444444445555555566666660899999999991010101099
22222222222222222222222222222011111111110000000111111111102222222033444444444555555555566666655555444444444445555444555555555444444333444444402222222203000003034444444444555556666555555566665555555555555544444433344444444444555555566666600888999999991010101099
22222222222222222222222222222011111111111000000011111111022222222003444444444555555555566666655555444444444445555555555555555444444334444444432222222200000033334444444444555555555555555666665555555555555544443333444444444444455555666666688888899999991010101099
2222222222222222222222222222201111111111110000001111111102222222220444444444455555555666666665555554444444444555555445555555544444443444444443022222222000003333344444444445555555555555666666555555555555554444333444444444444444555566666608888899999999101010101010
2222222222222222222222222222201111111111110000001111111102222222220444444444445555556666666655555554444444444555554445555555544444443444444444022222222033003333344444444445555555555555666666556555555555554444333444444444444444555566666608888899999999101010101010
